0 6657 4058 -5
1 6658 4052 -5
2 6666 4054 -5
3 6664 4049 -5
4 6668 4050 -5
5 6673 4047 -5
6 6675 4043 -5
7 6680 4043 -5
8 6682 4041 -5
9 6684 4041 -5
10 6686 4039 -5
11 6688 4038 -5
12 6692 4034 -5
13 6698 4036 -5
14 6703 4041 -5
15 6704 4043 -5
16 6717 4042 -5
17 6720 4055 -5
18 6722 4065 -5
19 6727 4054 -5
20 6732 4057 -5
21 6743 4062 -5
22 6749 4067 -5
23 6753 4062 -5
24 6758 4059 -5
25 6763 4063 -5
26 6766 4061 -5
27 6761 4056 -5
28 6763 4055 -5
29 6772 4052 -5
30 6765 4048 -5
31 6766 4044 -5
32 6767 4042 -5
33 6768 4039 -5
34 6773 4038 -5
35 6768 4033 -5
36 6773 4028 -5
37 6771 4021 -5
38 6772 4014 -5
39 6767 4014 -5
40 6766 4011 -5
41 6772 4006 -5
42 6768 4004 -5
43 6774 3998 -5
44 6762 3996 -5
45 6745 3997 -5
46 6745 3988 -5
47 6736 3998 -5
48 6731 3998 -5
49 6736 3985 -5
50 6732 3984 -5
51 6729 3984 -5
52 6726 3980 -5
53 6725 3979 -5
54 6720 3976 -5
55 6720 3972 -5
56 6720 3964 -5
57 6717 3959 -5
58 6710 3958 -5
59 6707 3959 -5
60 6705 3960 -5
61 6702 3962 -5
62 6699 3966 -5
63 6693 3964 -5
64 6689 3962 -5
65 6685 3956 -5
66 6689 3948 -5
67 6691 3946 -5
68 6694 3944 -5
69 6699 3937 -5
70 6702 3935 -5
71 6705 3930 -5
72 6707 3927 -5
73 6708 3918 -5
74 6712 3913 -5
75 6716 3910 -5
76 6724 3904 -5
77 6729 3896 -5
78 6718 3890 -5
79 6708 3889 -5
80 6699 3888 -5
81 6695 3893 -5
82 6690 3902 -5
83 6688 3908 -5
84 6685 3912 -5
85 6679 3918 -5
86 6677 3924 -5
87 6676 3926 -5
88 6675 3930 -5
89 6671 3933 -5
90 6669 3933 -5
91 6664 3932 -5
92 6661 3930 -5
93 6656 3929 -5
94 6648 3937 -5
95 6642 3946 -5
96 6642 3951 -5
97 6636 3956 -5
98 6626 3959 -5
99 6622 3962 -5
100 6620 3967 -5
101 6620 3971 -5
102 6619 3975 -5
103 6616 3980 -5
104 6611 3984 -5
105 6608 3985 -5
106 6606 3987 -5
107 6602 3990 -5
108 6599 3994 -5
109 6595 3996 -5
110 6591 3995 -5
111 6586 3992 -5
112 6581 3990 -5
113 6577 3990 -5
114 6567 3990 -5
115 6564 3990 -5
116 6561 3990 -5
117 6559 3996 -5
118 6561 4000 -5
119 6564 4003 -5
120 6569 4008 -5
121 6574 4013 -5
122 6578 4015 -5
123 6584 4017 -5
124 6592 4016 -5
125 6598 4012 -5
126 6601 4011 -5
127 6605 4012 -5
128 6609 4013 -5
129 6617 4015 -5
130 6621 4014 -5
131 6624 4021 -5
132 6625 4025 -5
133 6625 4029 -5
134 6630 4032 -5
135 6635 4039 -5
136 6641 4039 -5
137 6646 4049 -5
138 6651 4052 -5
139 6658 4058 -5
